4 0.40499999999999997 0.44800000000000006 0.335 0.446 0.29055555625 0.43200000000000005 0.17944444375 0.434 0.127222221875 0.45 0.107777778125 0.479 0.1066666671875 0.499 0.0888888890625 0.5389999999999999 0.067777778125 0.647 0.0633333328125 0.651 0.067777778125 0.657 0.0666666671875 0.673 0.0533333328125 0.7150000000000001 0.0433333328125 0.791 0.0311111109375 0.835 0.0338888890625 0.998 0.15722222187499998 0.992 0.372777778125 0.998 0.38166666718750003 0.9720000000000001 0.3916666671875 0.9720000000000001 0.39944444375 0.998 0.43 0.9970000000000001 0.43444444375 0.9789999999999999 0.4388888890625 0.8630000000000001 0.43777777812499996 0.653 0.4266666671875 0.601 0.41444444375 0.479 0.40499999999999997 0.44800000000000006
4 1 0.641 0.99444444375 0.629 0.9800000000000001 0.511 0.97 0.483 0.94944444375 0.462 0.875 0.438 0.8583333328125 0.438 0.847222221875 0.45199999999999996 0.8138888890624999 0.45199999999999996 0.79055555625 0.46399999999999997 0.77944444375 0.48 0.76555555625 0.5730000000000001 0.755 0.58 0.7511111109375 0.591 0.75555555625 0.609 0.7433333328125 0.6990000000000001 0.74444444375 0.7969999999999999 0.7533333328125 0.825 0.752222221875 0.881 0.76 0.9109999999999999 0.765 0.9199999999999999 0.7816666671875 0.922 0.79 0.8710000000000001 0.797222221875 0.8619999999999999 0.812777778125 0.8699999999999999 0.8205555562500001 0.86 0.8361111109375001 0.86 0.8427777781250001 0.868 0.8683333328125 0.8640000000000001 0.8938888890625 0.874 0.91944444375 0.8619999999999999 0.937222221875 0.8720000000000001 0.9516666671875 0.868 0.9605555562499999 0.898 0.9761111109374999 0.8960000000000001 0.9838888890625 0.882 0.987777778125 0.923 1 0.9269999999999999 1 0.641
4 0.6950000000000001 0.778 0.7183333328125 0.772 0.7316666671875 0.782 0.742222221875 0.773 0.742222221875 0.705 0.752222221875 0.617 0.7488888890625 0.589 0.76555555625 0.5589999999999999 0.782777778125 0.458 0.7461111109375 0.442 0.6727777781250001 0.438 0.6438888890625 0.45199999999999996 0.6333333328124999 0.46699999999999997 0.6255555562499999 0.529 0.6044444437500001 0.597 0.6011111109375 0.631 0.59555555625 0.645 0.592222221875 0.8009999999999999 0.5961111109375 0.8119999999999999 0.61 0.8130000000000001 0.617222221875 0.794 0.632777778125 0.792 0.6427777781249999 0.766 0.6605555562500001 0.772 0.6716666671875 0.764 0.6950000000000001 0.778
4 0.4183333328125 0.476 0.41444444375 0.481 0.4388888890625 0.657 0.44000000000000006 0.8630000000000001 0.4583333328125 0.8720000000000001 0.467777778125 0.8869999999999999 0.47277777812500005 0.914 0.49888888906249995 0.915 0.5033333328125 0.9029999999999999 0.50444444375 0.701 0.46333333281250005 0.509 0.45555555625000005 0.501 0.4516666671875 0.48200000000000004 0.4183333328125 0.476
4 0.507222221875 0.476 0.47722222187499996 0.46799999999999997 0.45055555625 0.472 0.4688888890625 0.523 0.48666666718749996 0.607 0.49055555625 0.608 0.4938888890625 0.596 0.49944444375 0.602 0.5188888890625 0.599 0.52 0.609 0.5138888890625 0.622 0.49277777812499995 0.628 0.4911111109375 0.639 0.50555555625 0.701 0.507777778125 0.743 0.522222221875 0.747 0.5261111109375001 0.78 0.5466666671875 0.779 0.5522222218749999 0.769 0.5511111109375 0.629 0.5233333328125 0.509 0.5177777781249999 0.503 0.51444444375 0.483 0.507222221875 0.476
4 0.5933333328125 0.537 0.597222221875 0.528 0.62055555625 0.534 0.632222221875 0.46699999999999997 0.6561111109375 0.438 0.62055555625 0.44000000000000006 0.602777778125 0.45199999999999996 0.5944444437499999 0.479 0.5933333328125 0.519 0.587777778125 0.529 0.5900000000000001 0.537 0.5722222218749999 0.581 0.5711111109375 0.727 0.58055555625 0.75 0.5900000000000001 0.751 0.59555555625 0.641 0.6066666671875 0.585 0.6133333328125 0.571 0.61055555625 0.5599999999999999 0.597222221875 0.5519999999999999 0.5933333328125 0.537
4 0.7211111109375 0.403 0.7416666671875001 0.41 0.7538888890625 0.442 0.7933333328125001 0.45899999999999996 0.80944444375 0.45199999999999996 0.8266666671875 0.43099999999999994 0.8205555562500001 0.386 0.7583333328124999 0.38 0.7338888890625 0.388 0.7211111109375 0.403
4 0.632222221875 0.41900000000000004 0.632222221875 0.369 0.5916666671875 0.362 0.5861111109375 0.346 0.5772222218749999 0.344 0.482777778125 0.348 0.477777778125 0.367 0.48 0.375 0.47000000000000003 0.381 0.462222221875 0.417 0.462222221875 0.433 0.4711111109375 0.445 0.4711111109375 0.45899999999999996 0.47722222187499996 0.46799999999999997 0.515 0.476 0.5338888890625 0.532 0.5583333328125 0.54 0.5700000000000001 0.561 0.5727777781250001 0.548 0.5772222218749999 0.558 0.5822222218750001 0.545 0.597777778125 0.45899999999999996 0.622777778125 0.438 0.632222221875 0.41900000000000004
4 0.41055555625 0.374 0.3916666671875 0.38 0.3811111109375 0.395 0.37944444375 0.418 0.39944444375 0.426 0.412222221875 0.46699999999999997 0.4233333328125 0.46900000000000003 0.447777778125 0.461 0.44888888906249996 0.44299999999999995 0.45999999999999996 0.421 0.46333333281250005 0.389 0.45944444375 0.38 0.41055555625 0.374
3 0.675 0.256 0.62055555625 0.258 0.6038888890624999 0.264 0.5944444437499999 0.277 0.595 0.356 0.62944444375 0.364 0.6333333328124999 0.369 0.63444444375 0.391 0.6438888890625 0.398 0.71555555625 0.403 0.7494444437500001 0.378 0.7883333328125001 0.376 0.79444444375 0.357 0.79 0.28300000000000003 0.7683333328125 0.266 0.675 0.256
3 1 0.359 0.9922222218750001 0.355 1 0.351 0.9994444437500001 0.274 0.88055555625 0.264 0.8416666671874999 0.27999999999999997 0.8333333328125001 0.29300000000000004 0.8288888890624999 0.361 0.8327777781249999 0.42400000000000004 0.9416666671874999 0.426 0.945 0.434 0.9550000000000001 0.42000000000000004 0.9694444437499999 0.42800000000000005 0.9738888890625 0.42000000000000004 0.9744444437500001 0.46699999999999997 0.982222221875 0.46699999999999997 1 0.457 0.9994444437500001 0.44800000000000006 0.987222221875 0.454 0.9838888890625 0.44400000000000006 0.98055555625 0.454 0.977777778125 0.44699999999999995 0.9855555562499999 0.433 0.97944444375 0.422 1 0.42300000000000004 1 0.359
3 0.54 0.269 0.5283333328125 0.26 0.45499999999999996 0.262 0.42833333281249997 0.27599999999999997 0.42111111093750003 0.29300000000000004 0.42222222187499997 0.365 0.427222221875 0.372 0.467777778125 0.381 0.4766666671875 0.375 0.48388888906250005 0.346 0.5138888890625 0.34199999999999997 0.52944444375 0.348 0.5438888890625 0.34199999999999997 0.54 0.269
2 0.017777778124999997 0.643 0.013333332812500001 0.655 0.017777778124999997 0.743 0.0111111109375 0.751 0.023888889062499998 0.756 0.0311111109375 0.795 0.0366666671875 0.7969999999999999 0.067777778125 0.639 0.0561111109375 0.604 0.027222221875 0.606 0.0161111109375 0.5980000000000001 0.012222221875 0.625 0.017777778124999997 0.643
5 0 0.589 0.013888889062500001 0.5700000000000001 0.025 0.6 0.042222221875 0.601 0.047222221875 0.5820000000000001 0.062222221875 0.5730000000000001 0.0688888890625 0.523 0.0533333328125 0.503 0.0533333328125 0.46299999999999997 0.047222221875 0.45 0.0361111109375 0.44800000000000006 0.02555555625 0.461 0.0266666671875 0.499 0.012222221875 0.513 0 0.5509999999999999 0 0.589